Real Time start: 2016-10-24 20:53:15
Real Time start: 2016-10-24 20:55:12
GPS start: 931035615 stop: 931122015
Real Time start: 2016-10-24 20:58:03
GPS start: 931049472 stop: 931094528
len(SNR): 3522560
possible detections: [810.31985089111561, 12.49663214151928, 20.942134349890029]
2016-10-24 21:02:45   possible times: [931050332.0322266, 931050333.0373535, 931051190.9370117]
len(SNR): 6258688
possible detections: [810.31985089111561, 12.49663214151928, 20.942134349890029, 9085.548711807638, 151.10161057856712, 42.266716491383569, 21.098394297496636, 12.98869448133491, 9.7869894950461873, 8.4430062124626382, 21.607780038001952, 19.406667641954314, 35.737137574096671, 76.101201184428092, 251.27970254609724]
2016-10-24 21:14:28   possible times: [931278307.2099688, 931278307.2102141, 931278307.4196624, 931051000.0322266, 931051001.0383301, 931051002.0407715, 931051003.9355469, 931051004.9343262, 931051005.9348145, 931052521.935791, 931052522.5383301, 931052523.9230957, 931052523.9365234, 931052524.935791, 931052525.9360352, 931052526.9365234]
len(SNR): 5111808
possible detections: [810.31985089111561, 12.49663214151928, 20.942134349890029, 9085.548711807638, 151.10161057856712, 42.266716491383569, 21.098394297496636, 12.98869448133491, 9.7869894950461873, 8.4430062124626382, 21.607780038001952, 19.406667641954314, 35.737137574096671, 76.101201184428092, 251.27970254609724, 261.48694014345227]
2016-10-24 21:23:41   possible times: [931278082.8679712, 931278082.8679713, 931278082.8680223, 931278027.3730547, 931278027.3733003, 931278027.3735452, 931278027.3740077, 931278027.3742516, 931278027.3744957, 931278027.7446132, 931278027.7447603, 931278027.7450984, 931278027.7451017, 931278027.7453456, 931278027.7455899, 931278027.7458341, 931050720.0253906]
len(SNR): 1138688
possible detections: [810.31985089111561, 12.49663214151928, 20.942134349890029, 9085.548711807638, 151.10161057856712, 42.266716491383569, 21.098394297496636, 12.98869448133491, 9.7869894950461873, 8.4430062124626382, 21.607780038001952, 19.406667641954314, 35.737137574096671, 76.101201184428092, 251.27970254609724, 261.48694014345227, 860.61856661413526, 12.684990863073114, 8.4247720125668728, 24.607409194435466]
2016-10-24 21:25:56   possible times: [931277112.8132002, 931277112.8132002, 931277112.8132002, 931277112.7996516, 931277112.7996517, 931277112.7996517, 931277112.7996519, 931277112.7996519, 931277112.799652, 931277112.7997423, 931277112.7997423, 931277112.7997425, 931277112.7997425, 931277112.7997425, 931277112.7997426, 931277112.7997426, 931277057.3046937, 931049750.0322266, 931049751.1254883, 931050025.9375, 931050026.9370117, 931050027.4541016]
len(SNR): 3637248
possible detections: [810.31985089111561, 12.49663214151928, 20.942134349890029, 9085.548711807638, 151.10161057856712, 42.266716491383569, 21.098394297496636, 12.98869448133491, 9.7869894950461873, 8.4430062124626382, 21.607780038001952, 19.406667641954314, 35.737137574096671, 76.101201184428092, 251.27970254609724, 261.48694014345227, 860.61856661413526, 12.684990863073114, 8.4247720125668728, 24.607409194435466, 6668.4091477578286, 104.85956529466132, 31.416597514523691, 15.648054212154745, 10.774601443951143, 8.2304964183029679, 14.426714333200973, 16.976654572096205, 28.979859758231228, 59.76591704724116, 198.44542953691646]
2016-10-24 21:34:30   possible times: [931278000.5763704, 931278000.5763704, 931278000.5763704, 931278000.5763671, 931278000.5763671, 931278000.5763671, 931278000.5763671, 931278000.5763671, 931278000.5763671, 931278000.5763671, 931278000.5763671, 931278000.5763671, 931278000.5763671, 931278000.5763671, 931278000.5763671, 931278000.5763671, 931278000.5628185, 931277945.067879, 931277945.0681459, 931277945.1352386, 931277945.1354827, 931277945.1356089, 931050638.032959, 931050639.1259766, 931050640.126709, 931050641.935791, 931050642.9350586, 931050643.9304199, 931051520.9367676, 931051521.9365234, 931051522.7734375, 931051522.9365234, 931051523.9365234, 931051524.2480469, 931051524.9370117]
len(SNR): 6647808
possible detections: [810.31985089111561, 12.49663214151928, 20.942134349890029, 9085.548711807638, 151.10161057856712, 42.266716491383569, 21.098394297496636, 12.98869448133491, 9.7869894950461873, 8.4430062124626382, 21.607780038001952, 19.406667641954314, 35.737137574096671, 76.101201184428092, 251.27970254609724, 261.48694014345227, 860.61856661413526, 12.684990863073114, 8.4247720125668728, 24.607409194435466, 6668.4091477578286, 104.85956529466132, 31.416597514523691, 15.648054212154745, 10.774601443951143, 8.2304964183029679, 14.426714333200973, 16.976654572096205, 28.979859758231228, 59.76591704724116, 198.44542953691646, 11974.84390412539, 183.6770669726094, 57.952788933792391, 30.717873007765515, 19.255136545475288, 12.728679684549267, 9.6803593095290061, 8.0994296320496382, 10.347002166297044, 13.453944128466631, 27.729805982454163, 30.089308254013709, 52.957123768565474, 109.34588097844355, 362.2505680829583]
-------------------------------------------------------------------------------------------------------------------------------------------
Real Time start: 2016-10-24 21:56:03
GPS start: 931049472 stop: 931094528
len(SNR): 3522560
possible detections: [810.31985089111561, 12.49663214151928, 20.942134349890029]
2016-10-24 22:00:55   possible times: [931050332.0322266, 931050333.0373535, 931051190.9370117]
len(SNR): 6258688
possible detections: [810.31985089111561, 12.49663214151928, 20.942134349890029, 9085.548711807638, 151.10161057856712, 42.266716491383569, 21.098394297496636, 12.98869448133491, 9.7869894950461873, 8.4430062124626382, 21.607780038001952, 19.406667641954314, 35.737137574096671, 76.101201184428092, 251.27970254609724]
2016-10-24 22:12:37   possible times: [931051000.0322266, 931051001.0383301, 931051002.0407715, 931051003.9355469, 931051004.9343262, 931051005.9348145, 931052521.935791, 931052522.5383301, 931052523.9230957, 931052523.9365234, 931052524.935791, 931052525.9360352, 931052526.9365234]
len(SNR): 5111808
possible detections: [810.31985089111561, 12.49663214151928, 20.942134349890029, 9085.548711807638, 151.10161057856712, 42.266716491383569, 21.098394297496636, 12.98869448133491, 9.7869894950461873, 8.4430062124626382, 21.607780038001952, 19.406667641954314, 35.737137574096671, 76.101201184428092, 251.27970254609724, 261.48694014345227]
2016-10-24 22:25:01   possible times: [931050720.0253906]
len(SNR): 1138688
possible detections: [810.31985089111561, 12.49663214151928, 20.942134349890029, 9085.548711807638, 151.10161057856712, 42.266716491383569, 21.098394297496636, 12.98869448133491, 9.7869894950461873, 8.4430062124626382, 21.607780038001952, 19.406667641954314, 35.737137574096671, 76.101201184428092, 251.27970254609724, 261.48694014345227, 860.61856661413526, 12.684990863073114, 8.4247720125668728, 24.607409194435466]
2016-10-24 22:27:19   possible times: [931049750.0322266, 931049751.1254883, 931050025.9375, 931050026.9370117, 931050027.4541016]
len(SNR): 3637248
possible detections: [810.31985089111561, 12.49663214151928, 20.942134349890029, 9085.548711807638, 151.10161057856712, 42.266716491383569, 21.098394297496636, 12.98869448133491, 9.7869894950461873, 8.4430062124626382, 21.607780038001952, 19.406667641954314, 35.737137574096671, 76.101201184428092, 251.27970254609724, 261.48694014345227, 860.61856661413526, 12.684990863073114, 8.4247720125668728, 24.607409194435466, 6668.4091477578286, 104.85956529466132, 31.416597514523691, 15.648054212154745, 10.774601443951143, 8.2304964183029679, 14.426714333200973, 16.976654572096205, 28.979859758231228, 59.76591704724116, 198.44542953691646]
2016-10-24 22:39:15   possible times: [931050638.032959, 931050639.1259766, 931050640.126709, 931050641.935791, 931050642.9350586, 931050643.9304199, 931051520.9367676, 931051521.9365234, 931051522.7734375, 931051522.9365234, 931051523.9365234, 931051524.2480469, 931051524.9370117]
len(SNR): 6647808
possible detections: [810.31985089111561, 12.49663214151928, 20.942134349890029, 9085.548711807638, 151.10161057856712, 42.266716491383569, 21.098394297496636, 12.98869448133491, 9.7869894950461873, 8.4430062124626382, 21.607780038001952, 19.406667641954314, 35.737137574096671, 76.101201184428092, 251.27970254609724, 261.48694014345227, 860.61856661413526, 12.684990863073114, 8.4247720125668728, 24.607409194435466, 6668.4091477578286, 104.85956529466132, 31.416597514523691, 15.648054212154745, 10.774601443951143, 8.2304964183029679, 14.426714333200973, 16.976654572096205, 28.979859758231228, 59.76591704724116, 198.44542953691646, 11974.84390412539, 183.6770669726094, 57.952788933792391, 30.717873007765515, 19.255136545475288, 12.728679684549267, 9.6803593095290061, 8.0994296320496382, 10.347002166297044, 13.453944128466631, 27.729805982454163, 30.089308254013709, 52.957123768565474, 109.34588097844355, 362.2505680829583]
2016-10-24 22:58:03   possible times: [931051095.0332031, 931051096.125, 931051097.0622559, 931051097.1254883, 931051098.9335938, 931051099.9350586, 931051100.9343262, 931051101.9348145, 931051102.9362793, 931052710.9355469, 931052711.9353027, 931052712.5385742, 931052713.9362793, 931052714.8642578, 931052714.9360352, 931052715.9362793, 931052716.9367676]
len(SNR): 7028736
possible detections: [810.31985089111561, 12.49663214151928, 20.942134349890029, 9085.548711807638, 151.10161057856712, 42.266716491383569, 21.098394297496636, 12.98869448133491, 9.7869894950461873, 8.4430062124626382, 21.607780038001952, 19.406667641954314, 35.737137574096671, 76.101201184428092, 251.27970254609724, 261.48694014345227, 860.61856661413526, 12.684990863073114, 8.4247720125668728, 24.607409194435466, 6668.4091477578286, 104.85956529466132, 31.416597514523691, 15.648054212154745, 10.774601443951143, 8.2304964183029679, 14.426714333200973, 16.976654572096205, 28.979859758231228, 59.76591704724116, 198.44542953691646, 11974.84390412539, 183.6770669726094, 57.952788933792391, 30.717873007765515, 19.255136545475288, 12.728679684549267, 9.6803593095290061, 8.0994296320496382, 10.347002166297044, 13.453944128466631, 27.729805982454163, 30.089308254013709, 52.957123768565474, 109.34588097844355, 362.2505680829583, 14340.899312415057, 209.59258693604693, 63.438705136716436, 33.405490693231215, 22.070679503408499, 14.363342542825382, 11.899927682902986, 8.5445098980744412, 9.3508766939846879, 11.029172483724379, 14.820669031084, 28.75293252612979, 33.482107886933854, 59.707941710877805, 124.1653175615058, 409.56925534110013]
2016-10-24 23:20:24   possible times: [931051188.0327148, 931051189.0383301, 931051190.1247559, 931051191.9350586, 931051192.2060547, 931051192.9343262, 931051193.9348145, 931051193.9350586, 931051194.9353027, 931051195.9348145, 931052895.9360352, 931052895.9362793, 931052896.9355469, 931052897.935791, 931052898.4423828, 931052898.744873, 931052899.9355469, 931052900.9362793, 931052901.5893555, 931052901.9362793, 931052902.9367676]
len(SNR): 4169728
possible detections: [810.31985089111561, 12.49663214151928, 20.942134349890029, 9085.548711807638, 151.10161057856712, 42.266716491383569, 21.098394297496636, 12.98869448133491, 9.7869894950461873, 8.4430062124626382, 21.607780038001952, 19.406667641954314, 35.737137574096671, 76.101201184428092, 251.27970254609724, 261.48694014345227, 860.61856661413526, 12.684990863073114, 8.4247720125668728, 24.607409194435466, 6668.4091477578286, 104.85956529466132, 31.416597514523691, 15.648054212154745, 10.774601443951143, 8.2304964183029679, 14.426714333200973, 16.976654572096205, 28.979859758231228, 59.76591704724116, 198.44542953691646, 11974.84390412539, 183.6770669726094, 57.952788933792391, 30.717873007765515, 19.255136545475288, 12.728679684549267, 9.6803593095290061, 8.0994296320496382, 10.347002166297044, 13.453944128466631, 27.729805982454163, 30.089308254013709, 52.957123768565474, 109.34588097844355, 362.2505680829583, 14340.899312415057, 209.59258693604693, 63.438705136716436, 33.405490693231215, 22.070679503408499, 14.363342542825382, 11.899927682902986, 8.5445098980744412, 9.3508766939846879, 11.029172483724379, 14.820669031084, 28.75293252612979, 33.482107886933854, 59.707941710877805, 124.1653175615058, 409.56925534110013, 7780.0542069085759, 112.19867440248069, 31.911493208424169, 17.377375627573251, 11.630039516811841, 8.992664465524177, 8.1569997105954375, 8.34508451074616, 16.386947481499853, 18.616927865677546, 31.737052060810154, 67.508024060677386, 226.51524604217971]
2016-10-24 23:36:11   possible times: [931050490.0314941, 931050491.0400391, 931050491.9177246, 931050492.9343262, 931050493.9348145, 931050494.9343262, 931050495.9333496, 931051084.3083496, 931051501.9355469, 931051502.9343262, 931051503.8237305, 931051503.829834, 931051503.935791, 931051504.9360352, 931051505.5371094, 931051505.9362793, 931051506.2744141, 931051506.9367676]
len(SNR): 5271552
possible detections: [810.31985089111561, 12.49663214151928, 20.942134349890029, 9085.548711807638, 151.10161057856712, 42.266716491383569, 21.098394297496636, 12.98869448133491, 9.7869894950461873, 8.4430062124626382, 21.607780038001952, 19.406667641954314, 35.737137574096671, 76.101201184428092, 251.27970254609724, 261.48694014345227, 860.61856661413526, 12.684990863073114, 8.4247720125668728, 24.607409194435466, 6668.4091477578286, 104.85956529466132, 31.416597514523691, 15.648054212154745, 10.774601443951143, 8.2304964183029679, 14.426714333200973, 16.976654572096205, 28.979859758231228, 59.76591704724116, 198.44542953691646, 11974.84390412539, 183.6770669726094, 57.952788933792391, 30.717873007765515, 19.255136545475288, 12.728679684549267, 9.6803593095290061, 8.0994296320496382, 10.347002166297044, 13.453944128466631, 27.729805982454163, 30.089308254013709, 52.957123768565474, 109.34588097844355, 362.2505680829583, 14340.899312415057, 209.59258693604693, 63.438705136716436, 33.405490693231215, 22.070679503408499, 14.363342542825382, 11.899927682902986, 8.5445098980744412, 9.3508766939846879, 11.029172483724379, 14.820669031084, 28.75293252612979, 33.482107886933854, 59.707941710877805, 124.1653175615058, 409.56925534110013, 7780.0542069085759, 112.19867440248069, 31.911493208424169, 17.377375627573251, 11.630039516811841, 8.992664465524177, 8.1569997105954375, 8.34508451074616, 16.386947481499853, 18.616927865677546, 31.737052060810154, 67.508024060677386, 226.51524604217971, 11970.126827671433, 185.72842094511623, 56.729032599843137, 30.354027381474399, 18.761782382443592, 13.995963780392682, 9.5711721310362652, 8.6410409709991391, 10.725456066213894, 12.710453496845403, 25.998227034561143, 29.244395743694664, 51.364666282428189, 108.10091697613996, 356.12420755162276]
2016-10-24 23:57:21   possible times: [931050759.0314941, 931050760.1247559, 931050760.9150391, 931050761.1088867, 931050761.1252441, 931050761.2314453, 931050762.9353027, 931050762.9436035, 931050763.9350586, 931050764.9353027, 931050765.9316406, 931050765.9318848, 931050766.9343262, 931052038.9362793, 931052039.9355469, 931052040.9345703, 931052041.5578613, 931052041.9367676, 931052042.5373535, 931052042.7526855, 931052042.9365234, 931052043.5515137, 931052043.9367676, 931052044.9370117]
len(SNR): 8196096
possible detections: [810.31985089111561, 12.49663214151928, 20.942134349890029, 9085.548711807638, 151.10161057856712, 42.266716491383569, 21.098394297496636, 12.98869448133491, 9.7869894950461873, 8.4430062124626382, 21.607780038001952, 19.406667641954314, 35.737137574096671, 76.101201184428092, 251.27970254609724, 261.48694014345227, 860.61856661413526, 12.684990863073114, 8.4247720125668728, 24.607409194435466, 6668.4091477578286, 104.85956529466132, 31.416597514523691, 15.648054212154745, 10.774601443951143, 8.2304964183029679, 14.426714333200973, 16.976654572096205, 28.979859758231228, 59.76591704724116, 198.44542953691646, 11974.84390412539, 183.6770669726094, 57.952788933792391, 30.717873007765515, 19.255136545475288, 12.728679684549267, 9.6803593095290061, 8.0994296320496382, 10.347002166297044, 13.453944128466631, 27.729805982454163, 30.089308254013709, 52.957123768565474, 109.34588097844355, 362.2505680829583, 14340.899312415057, 209.59258693604693, 63.438705136716436, 33.405490693231215, 22.070679503408499, 14.363342542825382, 11.899927682902986, 8.5445098980744412, 9.3508766939846879, 11.029172483724379, 14.820669031084, 28.75293252612979, 33.482107886933854, 59.707941710877805, 124.1653175615058, 409.56925534110013, 7780.0542069085759, 112.19867440248069, 31.911493208424169, 17.377375627573251, 11.630039516811841, 8.992664465524177, 8.1569997105954375, 8.34508451074616, 16.386947481499853, 18.616927865677546, 31.737052060810154, 67.508024060677386, 226.51524604217971, 11970.126827671433, 185.72842094511623, 56.729032599843137, 30.354027381474399, 18.761782382443592, 13.995963780392682, 9.5711721310362652, 8.6410409709991391, 10.725456066213894, 12.710453496845403, 25.998227034561143, 29.244395743694664, 51.364666282428189, 108.10091697613996, 356.12420755162276, 4409.8182578768028, 68.695752784150244, 19.815429572097841, 11.202547225027866, 8.0727229599459474, 11.048550670576057, 10.944368591529496, 19.006996789916517, 41.024836032840859, 132.98558443071349]
2016-10-25 00:33:41   possible times: [931051473.0305176, 931051474.0383301, 931051474.8193359, 931051475.1826172, 931051476.932373, 931051476.9343262, 931051477.9350586, 931053468.5378418, 931053469.935791, 931053470.737793, 931053470.9360352, 931053471.0288086, 931053471.9362793, 931053471.987793, 931053472.3383789, 931053472.4372559, 931053472.4748535, 931053472.5661621, 931053472.5695801, 931053472.9365234]
len(SNR): 2146304
possible detections: [810.31985089111561, 12.49663214151928, 20.942134349890029, 9085.548711807638, 151.10161057856712, 42.266716491383569, 21.098394297496636, 12.98869448133491, 9.7869894950461873, 8.4430062124626382, 21.607780038001952, 19.406667641954314, 35.737137574096671, 76.101201184428092, 251.27970254609724, 261.48694014345227, 860.61856661413526, 12.684990863073114, 8.4247720125668728, 24.607409194435466, 6668.4091477578286, 104.85956529466132, 31.416597514523691, 15.648054212154745, 10.774601443951143, 8.2304964183029679, 14.426714333200973, 16.976654572096205, 28.979859758231228, 59.76591704724116, 198.44542953691646, 11974.84390412539, 183.6770669726094, 57.952788933792391, 30.717873007765515, 19.255136545475288, 12.728679684549267, 9.6803593095290061, 8.0994296320496382, 10.347002166297044, 13.453944128466631, 27.729805982454163, 30.089308254013709, 52.957123768565474, 109.34588097844355, 362.2505680829583, 14340.899312415057, 209.59258693604693, 63.438705136716436, 33.405490693231215, 22.070679503408499, 14.363342542825382, 11.899927682902986, 8.5445098980744412, 9.3508766939846879, 11.029172483724379, 14.820669031084, 28.75293252612979, 33.482107886933854, 59.707941710877805, 124.1653175615058, 409.56925534110013, 7780.0542069085759, 112.19867440248069, 31.911493208424169, 17.377375627573251, 11.630039516811841, 8.992664465524177, 8.1569997105954375, 8.34508451074616, 16.386947481499853, 18.616927865677546, 31.737052060810154, 67.508024060677386, 226.51524604217971, 11970.126827671433, 185.72842094511623, 56.729032599843137, 30.354027381474399, 18.761782382443592, 13.995963780392682, 9.5711721310362652, 8.6410409709991391, 10.725456066213894, 12.710453496845403, 25.998227034561143, 29.244395743694664, 51.364666282428189, 108.10091697613996, 356.12420755162276, 4409.8182578768028, 68.695752784150244, 19.815429572097841, 11.202547225027866, 8.0727229599459474, 11.048550670576057, 10.944368591529496, 19.006996789916517, 41.024836032840859, 132.98558443071349, 12076.387642190812, 195.5510571779817, 52.592695249024445, 24.851844152895353, 16.767834751624925, 11.483909685175794, 8.3582427729391178, 8.5802963900861648, 12.297170793449189, 25.310763247092556, 24.712331698150372, 43.247038632149128, 95.024683445772553, 332.01099612408962]
2016-10-25 00:43:47   possible times: [931049996.03125, 931049997.0380859, 931049998.0395508, 931049998.0649414, 931049998.2561035, 931049998.3100586, 931049998.7939453, 931049999.2099609, 931049999.9353027, 931049999.9453125, 931050000.9355469, 931050001.9338379, 931050002.9355469, 931050512.9360352, 931050513.9353027, 931050514.5385742, 931050514.9455566, 931050515.8725586, 931050515.9360352, 931050516.9360352, 931050516.9963379, 931050517.276123, 931050517.2993164, 931050517.9365234, 931050518.1948242, 931050518.3081055, 931050518.3867188, 931050518.9370117]
len(SNR): 8388608
possible detections: [810.31985089111561, 12.49663214151928, 20.942134349890029, 9085.548711807638, 151.10161057856712, 42.266716491383569, 21.098394297496636, 12.98869448133491, 9.7869894950461873, 8.4430062124626382, 21.607780038001952, 19.406667641954314, 35.737137574096671, 76.101201184428092, 251.27970254609724, 261.48694014345227, 860.61856661413526, 12.684990863073114, 8.4247720125668728, 24.607409194435466, 6668.4091477578286, 104.85956529466132, 31.416597514523691, 15.648054212154745, 10.774601443951143, 8.2304964183029679, 14.426714333200973, 16.976654572096205, 28.979859758231228, 59.76591704724116, 198.44542953691646, 11974.84390412539, 183.6770669726094, 57.952788933792391, 30.717873007765515, 19.255136545475288, 12.728679684549267, 9.6803593095290061, 8.0994296320496382, 10.347002166297044, 13.453944128466631, 27.729805982454163, 30.089308254013709, 52.957123768565474, 109.34588097844355, 362.2505680829583, 14340.899312415057, 209.59258693604693, 63.438705136716436, 33.405490693231215, 22.070679503408499, 14.363342542825382, 11.899927682902986, 8.5445098980744412, 9.3508766939846879, 11.029172483724379, 14.820669031084, 28.75293252612979, 33.482107886933854, 59.707941710877805, 124.1653175615058, 409.56925534110013, 7780.0542069085759, 112.19867440248069, 31.911493208424169, 17.377375627573251, 11.630039516811841, 8.992664465524177, 8.1569997105954375, 8.34508451074616, 16.386947481499853, 18.616927865677546, 31.737052060810154, 67.508024060677386, 226.51524604217971, 11970.126827671433, 185.72842094511623, 56.729032599843137, 30.354027381474399, 18.761782382443592, 13.995963780392682, 9.5711721310362652, 8.6410409709991391, 10.725456066213894, 12.710453496845403, 25.998227034561143, 29.244395743694664, 51.364666282428189, 108.10091697613996, 356.12420755162276, 4409.8182578768028, 68.695752784150244, 19.815429572097841, 11.202547225027866, 8.0727229599459474, 11.048550670576057, 10.944368591529496, 19.006996789916517, 41.024836032840859, 132.98558443071349, 12076.387642190812, 195.5510571779817, 52.592695249024445, 24.851844152895353, 16.767834751624925, 11.483909685175794, 8.3582427729391178, 8.5802963900861648, 12.297170793449189, 25.310763247092556, 24.712331698150372, 43.247038632149128, 95.024683445772553, 332.01099612408962, 11705.537740197246, 177.75112177591311, 55.169627977647089, 28.997958449268982, 18.790284629134128, 11.939198212010494, 11.041691095101738, 8.1475543911279082, 11.021979935344451, 12.833226566904059, 24.929400123064511, 27.408342720368104, 48.586183965539526, 103.604141133205, 345.51987096210178]
2016-10-25 01:27:36   possible times: [931051520.03125, 931051521.1245117, 931051522.1091309, 931051522.1254883, 931051522.817627, 931051523.9348145, 931051523.972168, 931051524.1860352, 931051524.9355469, 931051525.1325684, 931051525.1821289, 931051525.9360352, 931051526.935791, 931051527.9353027, 931053560.9362793, 931053561.9372559, 931053562.9345703, 931053563.0898438, 931053563.7963867, 931053563.9360352, 931053564.5361328, 931053564.6481934, 931053564.6738281, 931053564.9362793, 931053565.1437988, 931053565.9206543, 931053565.9365234, 931053566.9370117]
21:00 UTC 7/7/2009 -> 21:00 UTC 7/8/2009
--------------------------------------------------------------------------
