Real Time start: 2016-10-25 20:19:50
GPS start: 931069952 stop: 931115008
--------------------------------------------------------------------------
Real Time start: 2016-10-25 20:21:28
GPS start: 931069952 stop: 931115008
Real Time start: 2016-10-25 20:21:59
GPS start: 931069952 stop: 931115008
len(SNR): 2428928
possible detections: [169.85862500035179, 11.767834125153982, 11.945934666936841]
2016-10-25 20:22:21   possible times: [931070545.0058594, 931070546.0471191, 931071136.8254395]
len(SNR): 5066752
possible detections: [169.85862500035179, 11.767834125153982, 11.945934666936841, 322.94619863186745, 24.680039168911343, 12.697562767334512, 8.6386678950422926, 39.496983698416436, 12.371716825541638, 8.3562648884000659, 12.474229275568707, 25.24392713054975]
2016-10-25 20:23:35   possible times: [931071189.0078125, 931071190.0385742, 931071190.7529297, 931071191.0705566, 931071191.1210938, 931071191.1213379, 931071192.3081055, 931071510.3964844, 931072420.4460449, 931072422.7702637, 931072423.7683105, 931072424.9997559]
len(SNR): 1200128
possible detections: [169.85862500035179, 11.767834125153982, 11.945934666936841, 322.94619863186745, 24.680039168911343, 12.697562767334512, 8.6386678950422926, 39.496983698416436, 12.371716825541638, 8.3562648884000659, 12.474229275568707, 25.24392713054975, 591.12360947691934, 34.616180874759181, 17.913164743348897, 12.234138756113602, 8.9795125985526312, 17.637523948917142, 10.060546147832108, 11.805027966408552, 18.22629709267731, 34.710710331648158]
2016-10-25 20:23:55   possible times: [931071482.0065918, 931071483.0410156, 931071483.8095703, 931071484.0673828, 931071485.0197754, 931071485.0368652, 931071486.0402832, 931071486.0405273, 931071769.454834, 931071770.5402832, 931071771.0310059, 931071771.9997559, 931071772.0080566, 931071772.3425293, 931071772.5922852, 931071772.8005371, 931071773.2080078, 931071773.9997559]
len(SNR): 2039808
possible detections: [169.85862500035179, 11.767834125153982, 11.945934666936841, 322.94619863186745, 24.680039168911343, 12.697562767334512, 8.6386678950422926, 39.496983698416436, 12.371716825541638, 8.3562648884000659, 12.474229275568707, 25.24392713054975, 591.12360947691934, 34.616180874759181, 17.913164743348897, 12.234138756113602, 8.9795125985526312, 17.637523948917142, 10.060546147832108, 11.805027966408552, 18.22629709267731, 34.710710331648158, 262.18740550527588, 17.788578909052585, 9.3641304550440072, 9.5051977906623062, 17.531858638278432]
2016-10-25 20:24:30   possible times: [931071980.0048828, 931071981.0405273, 931071981.3361816, 931071982.0568848, 931072475.7705078, 931072476.8034668]
len(SNR): 393216
possible detections: [169.85862500035179, 11.767834125153982, 11.945934666936841, 322.94619863186745, 24.680039168911343, 12.697562767334512, 8.6386678950422926, 39.496983698416436, 12.371716825541638, 8.3562648884000659, 12.474229275568707, 25.24392713054975, 591.12360947691934, 34.616180874759181, 17.913164743348897, 12.234138756113602, 8.9795125985526312, 17.637523948917142, 10.060546147832108, 11.805027966408552, 18.22629709267731, 34.710710331648158, 262.18740550527588, 17.788578909052585, 9.3641304550440072, 9.5051977906623062, 17.531858638278432, 1013.4483620368868, 65.557635694635891, 31.890943620551738, 20.58609880463284, 15.482284168320152, 13.287164710116336, 10.383305560680212, 9.741002239491749, 9.0931768272911153, 9.188381309348669, 10.323908629015332, 35.995923117786248, 16.087538216485846, 21.854200315837659, 31.179933347706914, 66.106115043727854]
2016-10-25 20:24:40   possible times: [931070048.0, 931070049.0556641, 931070050.0551758, 931070051.0568848, 931070052.0598145, 931070052.2451172, 931070052.5087891, 931070052.5773926, 931070052.5854492, 931070052.5939941, 931070053.059082, 931070053.1303711, 931070054.0913086, 931070055.0856934, 931070056.3085938, 931070136.5263672, 931070137.2792969, 931070137.9951172, 931070138.4465332, 931070138.5585938, 931070139.4819336, 931070139.5395508, 931070140.784668, 931070141.4870605, 931070141.786377, 931070142.7871094]
len(SNR): 245760
possible detections: [169.85862500035179, 11.767834125153982, 11.945934666936841, 322.94619863186745, 24.680039168911343, 12.697562767334512, 8.6386678950422926, 39.496983698416436, 12.371716825541638, 8.3562648884000659, 12.474229275568707, 25.24392713054975, 591.12360947691934, 34.616180874759181, 17.913164743348897, 12.234138756113602, 8.9795125985526312, 17.637523948917142, 10.060546147832108, 11.805027966408552, 18.22629709267731, 34.710710331648158, 262.18740550527588, 17.788578909052585, 9.3641304550440072, 9.5051977906623062, 17.531858638278432, 1013.4483620368868, 65.557635694635891, 31.890943620551738, 20.58609880463284, 15.482284168320152, 13.287164710116336, 10.383305560680212, 9.741002239491749, 9.0931768272911153, 9.188381309348669, 10.323908629015332, 35.995923117786248, 16.087538216485846, 21.854200315837659, 31.179933347706914, 66.106115043727854, 321.06413092806122, 22.673799500906149, 10.817286058178455, 8.4802990419554352, 8.4061348083104619, 10.489670396167867, 22.217858908148003]
2016-10-25 20:24:47   possible times: [931070108.046875, 931070108.3991699, 931070108.6567383, 931070108.8823242, 931070108.9291992, 931070109.0458984, 931070109.1567383, 931070109.1977539, 931070110.052002, 931070110.0712891, 931070110.260498, 931070111.0522461, 931070111.0554199, 931070162.4445801, 931070165.7861328, 931070166.0612793, 931070166.0908203, 931070166.4711914, 931070166.6157227, 931070166.7878418, 931070166.9731445]
len(SNR): 323584
possible detections: [169.85862500035179, 11.767834125153982, 11.945934666936841, 322.94619863186745, 24.680039168911343, 12.697562767334512, 8.6386678950422926, 39.496983698416436, 12.371716825541638, 8.3562648884000659, 12.474229275568707, 25.24392713054975, 591.12360947691934, 34.616180874759181, 17.913164743348897, 12.234138756113602, 8.9795125985526312, 17.637523948917142, 10.060546147832108, 11.805027966408552, 18.22629709267731, 34.710710331648158, 262.18740550527588, 17.788578909052585, 9.3641304550440072, 9.5051977906623062, 17.531858638278432, 1013.4483620368868, 65.557635694635891, 31.890943620551738, 20.58609880463284, 15.482284168320152, 13.287164710116336, 10.383305560680212, 9.741002239491749, 9.0931768272911153, 9.188381309348669, 10.323908629015332, 35.995923117786248, 16.087538216485846, 21.854200315837659, 31.179933347706914, 66.106115043727854, 321.06413092806122, 22.673799500906149, 10.817286058178455, 8.4802990419554352, 8.4061348083104619, 10.489670396167867, 22.217858908148003, 924.43913953090475, 61.622352981693219, 31.457923082140582, 21.477831093572458, 15.13077121198266, 11.745743137602526, 10.83767747962605, 9.5044907559369634, 8.4440250861188613, 8.9110079053494768, 10.746609311194845, 25.57289436422877, 16.442202696796056, 20.440903759521074, 30.391218629673748, 62.442188193720632]
2016-10-25 20:24:59   possible times: [931070187.0449219, 931070188.0703125, 931070188.4250488, 931070188.4353027, 931070189.0715332, 931070190.0720215, 931070190.0805664, 931070190.5866699, 931070191.0754395, 931070191.3894043, 931070191.4916992, 931070191.565918, 931070191.6225586, 931070192.0273438, 931070192.0756836, 931070192.3469238, 931070192.3771973, 931070192.5957031, 931070193.0742188, 931070193.8476562, 931070194.0537109, 931070194.0646973, 931070195.3256836, 931070258.012207, 931070259.263916, 931070259.3063965, 931070259.7705078, 931070260.2089844, 931070260.4555664, 931070260.7712402, 931070260.9558105, 931070261.3173828, 931070261.5405273, 931070261.5874023, 931070261.8310547, 931070262.7756348, 931070262.7758789, 931070263.123291, 931070263.1293945, 931070263.6850586, 931070263.7880859, 931070264.0085449, 931070264.7949219, 931070264.9362793]
len(SNR): 266240
possible detections: [169.85862500035179, 11.767834125153982, 11.945934666936841, 322.94619863186745, 24.680039168911343, 12.697562767334512, 8.6386678950422926, 39.496983698416436, 12.371716825541638, 8.3562648884000659, 12.474229275568707, 25.24392713054975, 591.12360947691934, 34.616180874759181, 17.913164743348897, 12.234138756113602, 8.9795125985526312, 17.637523948917142, 10.060546147832108, 11.805027966408552, 18.22629709267731, 34.710710331648158, 262.18740550527588, 17.788578909052585, 9.3641304550440072, 9.5051977906623062, 17.531858638278432, 1013.4483620368868, 65.557635694635891, 31.890943620551738, 20.58609880463284, 15.482284168320152, 13.287164710116336, 10.383305560680212, 9.741002239491749, 9.0931768272911153, 9.188381309348669, 10.323908629015332, 35.995923117786248, 16.087538216485846, 21.854200315837659, 31.179933347706914, 66.106115043727854, 321.06413092806122, 22.673799500906149, 10.817286058178455, 8.4802990419554352, 8.4061348083104619, 10.489670396167867, 22.217858908148003, 924.43913953090475, 61.622352981693219, 31.457923082140582, 21.477831093572458, 15.13077121198266, 11.745743137602526, 10.83767747962605, 9.5044907559369634, 8.4440250861188613, 8.9110079053494768, 10.746609311194845, 25.57289436422877, 16.442202696796056, 20.440903759521074, 30.391218629673748, 62.442188193720632, 749.50908882977399, 38.714135497307218, 20.348081994128506, 13.737581188743681, 11.544656411999688, 9.472788664353617, 15.129982908466804, 10.464413079618636, 13.513185988694445, 20.01458548759712, 41.701361221031931]
2016-10-25 20:25:10   possible times: [931070252.0185547, 931070253.0202637, 931070253.7180176, 931070254.0712891, 931070254.5039062, 931070254.5080566, 931070254.5783691, 931070254.6115723, 931070254.8850098, 931070255.0693359, 931070255.5744629, 931070256.0766602, 931070256.3234863, 931070257.0861816, 931070257.0864258, 931070311.4553223, 931070311.746582, 931070312.2414551, 931070312.8076172, 931070312.9958496, 931070313.8344727, 931070313.9885254, 931070313.9926758, 931070314.4648438, 931070314.5585938, 931070314.6032715, 931070314.6066895, 931070314.7973633, 931070315.5908203, 931070315.9997559]
len(SNR): 610304
possible detections: [169.85862500035179, 11.767834125153982, 11.945934666936841, 322.94619863186745, 24.680039168911343, 12.697562767334512, 8.6386678950422926, 39.496983698416436, 12.371716825541638, 8.3562648884000659, 12.474229275568707, 25.24392713054975, 591.12360947691934, 34.616180874759181, 17.913164743348897, 12.234138756113602, 8.9795125985526312, 17.637523948917142, 10.060546147832108, 11.805027966408552, 18.22629709267731, 34.710710331648158, 262.18740550527588, 17.788578909052585, 9.3641304550440072, 9.5051977906623062, 17.531858638278432, 1013.4483620368868, 65.557635694635891, 31.890943620551738, 20.58609880463284, 15.482284168320152, 13.287164710116336, 10.383305560680212, 9.741002239491749, 9.0931768272911153, 9.188381309348669, 10.323908629015332, 35.995923117786248, 16.087538216485846, 21.854200315837659, 31.179933347706914, 66.106115043727854, 321.06413092806122, 22.673799500906149, 10.817286058178455, 8.4802990419554352, 8.4061348083104619, 10.489670396167867, 22.217858908148003, 924.43913953090475, 61.622352981693219, 31.457923082140582, 21.477831093572458, 15.13077121198266, 11.745743137602526, 10.83767747962605, 9.5044907559369634, 8.4440250861188613, 8.9110079053494768, 10.746609311194845, 25.57289436422877, 16.442202696796056, 20.440903759521074, 30.391218629673748, 62.442188193720632, 749.50908882977399, 38.714135497307218, 20.348081994128506, 13.737581188743681, 11.544656411999688, 9.472788664353617, 15.129982908466804, 10.464413079618636, 13.513185988694445, 20.01458548759712, 41.701361221031931, 470.53111361100287, 36.671804347925729, 18.164520383525364, 13.414539332237492, 10.479610046369212, 14.998777701170857, 10.850641513444566, 14.126435588153507, 18.901200694808011, 37.68370729059388]
2016-10-25 20:25:36   possible times: [931070401.0197754, 931070401.9448242, 931070402.0244141, 931070402.3974609, 931070402.6503906, 931070402.7548828, 931070403.0712891, 931070403.373291, 931070403.5837402, 931070404.0322266, 931070404.0324707, 931070404.2868652, 931070405.0722656, 931070544.4550781, 931070545.8061523, 931070545.8063965, 931070545.9887695, 931070546.034668, 931070546.3288574, 931070546.5222168, 931070546.7905273, 931070547.0957031, 931070547.6120605, 931070547.7587891, 931070547.7946777, 931070547.9460449, 931070548.1848145, 931070548.2573242, 931070548.8034668, 931070548.8195801, 931070549.1083984, 931070549.1660156]
len(SNR): 503808
possible detections: [169.85862500035179, 11.767834125153982, 11.945934666936841, 322.94619863186745, 24.680039168911343, 12.697562767334512, 8.6386678950422926, 39.496983698416436, 12.371716825541638, 8.3562648884000659, 12.474229275568707, 25.24392713054975, 591.12360947691934, 34.616180874759181, 17.913164743348897, 12.234138756113602, 8.9795125985526312, 17.637523948917142, 10.060546147832108, 11.805027966408552, 18.22629709267731, 34.710710331648158, 262.18740550527588, 17.788578909052585, 9.3641304550440072, 9.5051977906623062, 17.531858638278432, 1013.4483620368868, 65.557635694635891, 31.890943620551738, 20.58609880463284, 15.482284168320152, 13.287164710116336, 10.383305560680212, 9.741002239491749, 9.0931768272911153, 9.188381309348669, 10.323908629015332, 35.995923117786248, 16.087538216485846, 21.854200315837659, 31.179933347706914, 66.106115043727854, 321.06413092806122, 22.673799500906149, 10.817286058178455, 8.4802990419554352, 8.4061348083104619, 10.489670396167867, 22.217858908148003, 924.43913953090475, 61.622352981693219, 31.457923082140582, 21.477831093572458, 15.13077121198266, 11.745743137602526, 10.83767747962605, 9.5044907559369634, 8.4440250861188613, 8.9110079053494768, 10.746609311194845, 25.57289436422877, 16.442202696796056, 20.440903759521074, 30.391218629673748, 62.442188193720632, 749.50908882977399, 38.714135497307218, 20.348081994128506, 13.737581188743681, 11.544656411999688, 9.472788664353617, 15.129982908466804, 10.464413079618636, 13.513185988694445, 20.01458548759712, 41.701361221031931, 470.53111361100287, 36.671804347925729, 18.164520383525364, 13.414539332237492, 10.479610046369212, 14.998777701170857, 10.850641513444566, 14.126435588153507, 18.901200694808011, 37.68370729059388, 507.82902565284809, 33.903392246151348, 18.575127376932581, 11.548387038467016, 9.3433061094506442, 15.459937623064983, 9.6649868731503634, 11.944794090114428, 17.291755494140208, 33.573649701116452]
2016-10-25 20:26:00   possible times: [931070524.0, 931070525.0449219, 931070526.0466309, 931070526.0915527, 931070526.8769531, 931070527.0717773, 931070527.3334961, 931070527.8391113, 931070528.0437012, 931070641.4379883, 931070641.4555664, 931070642.5214844, 931070643.5256348, 931070643.7883301, 931070644.0170898, 931070644.2416992, 931070644.534668, 931070644.7946777, 931070644.8605957, 931070645.2739258, 931070645.2744141, 931070645.3569336, 931070645.3747559, 931070645.482666, 931070645.5588379, 931070645.7902832]
len(SNR): 438272
possible detections: [169.85862500035179, 11.767834125153982, 11.945934666936841, 322.94619863186745, 24.680039168911343, 12.697562767334512, 8.6386678950422926, 39.496983698416436, 12.371716825541638, 8.3562648884000659, 12.474229275568707, 25.24392713054975, 591.12360947691934, 34.616180874759181, 17.913164743348897, 12.234138756113602, 8.9795125985526312, 17.637523948917142, 10.060546147832108, 11.805027966408552, 18.22629709267731, 34.710710331648158, 262.18740550527588, 17.788578909052585, 9.3641304550440072, 9.5051977906623062, 17.531858638278432, 1013.4483620368868, 65.557635694635891, 31.890943620551738, 20.58609880463284, 15.482284168320152, 13.287164710116336, 10.383305560680212, 9.741002239491749, 9.0931768272911153, 9.188381309348669, 10.323908629015332, 35.995923117786248, 16.087538216485846, 21.854200315837659, 31.179933347706914, 66.106115043727854, 321.06413092806122, 22.673799500906149, 10.817286058178455, 8.4802990419554352, 8.4061348083104619, 10.489670396167867, 22.217858908148003, 924.43913953090475, 61.622352981693219, 31.457923082140582, 21.477831093572458, 15.13077121198266, 11.745743137602526, 10.83767747962605, 9.5044907559369634, 8.4440250861188613, 8.9110079053494768, 10.746609311194845, 25.57289436422877, 16.442202696796056, 20.440903759521074, 30.391218629673748, 62.442188193720632, 749.50908882977399, 38.714135497307218, 20.348081994128506, 13.737581188743681, 11.544656411999688, 9.472788664353617, 15.129982908466804, 10.464413079618636, 13.513185988694445, 20.01458548759712, 41.701361221031931, 470.53111361100287, 36.671804347925729, 18.164520383525364, 13.414539332237492, 10.479610046369212, 14.998777701170857, 10.850641513444566, 14.126435588153507, 18.901200694808011, 37.68370729059388, 507.82902565284809, 33.903392246151348, 18.575127376932581, 11.548387038467016, 9.3433061094506442, 15.459937623064983, 9.6649868731503634, 11.944794090114428, 17.291755494140208, 33.573649701116452, 244.3339778821223, 17.071331149763008, 10.754169636061373, 9.9559627731989639, 9.9684566232272243, 19.013157769382566]
2016-10-25 20:26:22   possible times: [931070631.0439453, 931070631.1787109, 931070631.4628906, 931070631.8757324, 931070632.0461426, 931070632.0991211, 931070632.4753418, 931070632.5793457, 931070632.6154785, 931070633.0527344, 931070732.4555664, 931070735.5168457, 931070735.5195312, 931070736.0087891, 931070736.2355957, 931070736.2797852, 931070736.5905762, 931070736.59375, 931070736.857666, 931070736.9953613, 931070736.9997559, 931070737.0043945, 931070737.2019043]
len(SNR): 143360
possible detections: [169.85862500035179, 11.767834125153982, 11.945934666936841, 322.94619863186745, 24.680039168911343, 12.697562767334512, 8.6386678950422926, 39.496983698416436, 12.371716825541638, 8.3562648884000659, 12.474229275568707, 25.24392713054975, 591.12360947691934, 34.616180874759181, 17.913164743348897, 12.234138756113602, 8.9795125985526312, 17.637523948917142, 10.060546147832108, 11.805027966408552, 18.22629709267731, 34.710710331648158, 262.18740550527588, 17.788578909052585, 9.3641304550440072, 9.5051977906623062, 17.531858638278432, 1013.4483620368868, 65.557635694635891, 31.890943620551738, 20.58609880463284, 15.482284168320152, 13.287164710116336, 10.383305560680212, 9.741002239491749, 9.0931768272911153, 9.188381309348669, 10.323908629015332, 35.995923117786248, 16.087538216485846, 21.854200315837659, 31.179933347706914, 66.106115043727854, 321.06413092806122, 22.673799500906149, 10.817286058178455, 8.4802990419554352, 8.4061348083104619, 10.489670396167867, 22.217858908148003, 924.43913953090475, 61.622352981693219, 31.457923082140582, 21.477831093572458, 15.13077121198266, 11.745743137602526, 10.83767747962605, 9.5044907559369634, 8.4440250861188613, 8.9110079053494768, 10.746609311194845, 25.57289436422877, 16.442202696796056, 20.440903759521074, 30.391218629673748, 62.442188193720632, 749.50908882977399, 38.714135497307218, 20.348081994128506, 13.737581188743681, 11.544656411999688, 9.472788664353617, 15.129982908466804, 10.464413079618636, 13.513185988694445, 20.01458548759712, 41.701361221031931, 470.53111361100287, 36.671804347925729, 18.164520383525364, 13.414539332237492, 10.479610046369212, 14.998777701170857, 10.850641513444566, 14.126435588153507, 18.901200694808011, 37.68370729059388, 507.82902565284809, 33.903392246151348, 18.575127376932581, 11.548387038467016, 9.3433061094506442, 15.459937623064983, 9.6649868731503634, 11.944794090114428, 17.291755494140208, 33.573649701116452, 244.3339778821223, 17.071331149763008, 10.754169636061373, 9.9559627731989639, 9.9684566232272243, 19.013157769382566, 277.91619861428575, 13.904064582164564, 8.1636288284861234, 14.403362457915932]
2016-10-25 20:26:29   possible times: [931070666.0107422, 931070666.3532715, 931070666.369873, 931070666.8320312, 931070667.2958984, 931070695.4462891, 931070699.2468262, 931070699.5126953, 931070699.8022461, 931070700.015625, 931070700.0205078, 931070700.0571289, 931070700.2009277, 931070700.3786621, 931070700.394043]
len(SNR): 819200
possible detections: [169.85862500035179, 11.767834125153982, 11.945934666936841, 322.94619863186745, 24.680039168911343, 12.697562767334512, 8.6386678950422926, 39.496983698416436, 12.371716825541638, 8.3562648884000659, 12.474229275568707, 25.24392713054975, 591.12360947691934, 34.616180874759181, 17.913164743348897, 12.234138756113602, 8.9795125985526312, 17.637523948917142, 10.060546147832108, 11.805027966408552, 18.22629709267731, 34.710710331648158, 262.18740550527588, 17.788578909052585, 9.3641304550440072, 9.5051977906623062, 17.531858638278432, 1013.4483620368868, 65.557635694635891, 31.890943620551738, 20.58609880463284, 15.482284168320152, 13.287164710116336, 10.383305560680212, 9.741002239491749, 9.0931768272911153, 9.188381309348669, 10.323908629015332, 35.995923117786248, 16.087538216485846, 21.854200315837659, 31.179933347706914, 66.106115043727854, 321.06413092806122, 22.673799500906149, 10.817286058178455, 8.4802990419554352, 8.4061348083104619, 10.489670396167867, 22.217858908148003, 924.43913953090475, 61.622352981693219, 31.457923082140582, 21.477831093572458, 15.13077121198266, 11.745743137602526, 10.83767747962605, 9.5044907559369634, 8.4440250861188613, 8.9110079053494768, 10.746609311194845, 25.57289436422877, 16.442202696796056, 20.440903759521074, 30.391218629673748, 62.442188193720632, 749.50908882977399, 38.714135497307218, 20.348081994128506, 13.737581188743681, 11.544656411999688, 9.472788664353617, 15.129982908466804, 10.464413079618636, 13.513185988694445, 20.01458548759712, 41.701361221031931, 470.53111361100287, 36.671804347925729, 18.164520383525364, 13.414539332237492, 10.479610046369212, 14.998777701170857, 10.850641513444566, 14.126435588153507, 18.901200694808011, 37.68370729059388, 507.82902565284809, 33.903392246151348, 18.575127376932581, 11.548387038467016, 9.3433061094506442, 15.459937623064983, 9.6649868731503634, 11.944794090114428, 17.291755494140208, 33.573649701116452, 244.3339778821223, 17.071331149763008, 10.754169636061373, 9.9559627731989639, 9.9684566232272243, 19.013157769382566, 277.91619861428575, 13.904064582164564, 8.1636288284861234, 14.403362457915932, 677.34509851744258, 39.649554887800321, 20.72343077206547, 12.777298214748676, 10.000109057604003, 9.078810174509039, 20.870218071631935, 10.878050947674033, 13.976486758119844, 20.492143785624862, 40.410053243378137]
2016-10-25 20:27:15   possible times: [931070866.0053711, 931070866.8742676, 931070866.9094238, 931070867.0559082, 931070867.4350586, 931070867.7873535, 931070867.8918457, 931070867.96875, 931070868.0549316, 931070868.1333008, 931070868.2626953, 931070868.3850098, 931070868.4753418, 931070868.6320801, 931070869.0732422, 931070869.1201172, 931070869.1228027, 931070870.3095703, 931070870.3098145, 931070870.3129883, 931070870.3344727, 931070871.576416, 931071060.2355957, 931071060.4555664, 931071060.7619629, 931071061.0146484, 931071061.5402832, 931071061.7351074, 931071062.2866211, 931071062.7375488, 931071062.9941406, 931071063.2236328, 931071063.2856445, 931071063.791748, 931071063.8122559, 931071063.8752441, 931071063.951416, 931071064.6760254, 931071064.6965332, 931071064.9958496]
len(SNR): 53248
possible detections: [169.85862500035179, 11.767834125153982, 11.945934666936841, 322.94619863186745, 24.680039168911343, 12.697562767334512, 8.6386678950422926, 39.496983698416436, 12.371716825541638, 8.3562648884000659, 12.474229275568707, 25.24392713054975, 591.12360947691934, 34.616180874759181, 17.913164743348897, 12.234138756113602, 8.9795125985526312, 17.637523948917142, 10.060546147832108, 11.805027966408552, 18.22629709267731, 34.710710331648158, 262.18740550527588, 17.788578909052585, 9.3641304550440072, 9.5051977906623062, 17.531858638278432, 1013.4483620368868, 65.557635694635891, 31.890943620551738, 20.58609880463284, 15.482284168320152, 13.287164710116336, 10.383305560680212, 9.741002239491749, 9.0931768272911153, 9.188381309348669, 10.323908629015332, 35.995923117786248, 16.087538216485846, 21.854200315837659, 31.179933347706914, 66.106115043727854, 321.06413092806122, 22.673799500906149, 10.817286058178455, 8.4802990419554352, 8.4061348083104619, 10.489670396167867, 22.217858908148003, 924.43913953090475, 61.622352981693219, 31.457923082140582, 21.477831093572458, 15.13077121198266, 11.745743137602526, 10.83767747962605, 9.5044907559369634, 8.4440250861188613, 8.9110079053494768, 10.746609311194845, 25.57289436422877, 16.442202696796056, 20.440903759521074, 30.391218629673748, 62.442188193720632, 749.50908882977399, 38.714135497307218, 20.348081994128506, 13.737581188743681, 11.544656411999688, 9.472788664353617, 15.129982908466804, 10.464413079618636, 13.513185988694445, 20.01458548759712, 41.701361221031931, 470.53111361100287, 36.671804347925729, 18.164520383525364, 13.414539332237492, 10.479610046369212, 14.998777701170857, 10.850641513444566, 14.126435588153507, 18.901200694808011, 37.68370729059388, 507.82902565284809, 33.903392246151348, 18.575127376932581, 11.548387038467016, 9.3433061094506442, 15.459937623064983, 9.6649868731503634, 11.944794090114428, 17.291755494140208, 33.573649701116452, 244.3339778821223, 17.071331149763008, 10.754169636061373, 9.9559627731989639, 9.9684566232272243, 19.013157769382566, 277.91619861428575, 13.904064582164564, 8.1636288284861234, 14.403362457915932, 677.34509851744258, 39.649554887800321, 20.72343077206547, 12.777298214748676, 10.000109057604003, 9.078810174509039, 20.870218071631935, 10.878050947674033, 13.976486758119844, 20.492143785624862, 40.410053243378137, 565.80272858492981, 193.99611959767583, 124.89222862221261, 100.22609581869305, 88.707878864656706, 86.999990924796364, 86.673088193842261, 89.441010331418354, 96.303004647357469, 114.42241422707772, 148.09438424698521, 232.02884004686609]
2016-10-25 20:27:19   possible times: [931070879.1218262, 931070880.1206055, 931070881.1203613, 931070881.2851562, 931070882.1203613, 931070883.9396973, 931070884.8334961, 931070884.9399414, 931070884.9799805, 931070884.9887695, 931070885.1030273, 931070885.9401855, 931070886.4760742, 931070886.9396973, 931070887.9396973, 931070888.015625, 931070888.9396973, 931070889.2546387, 931070889.9396973, 931070890.939209, 931070890.9558105]
len(SNR): 466944
possible detections: [169.85862500035179, 11.767834125153982, 11.945934666936841, 322.94619863186745, 24.680039168911343, 12.697562767334512, 8.6386678950422926, 39.496983698416436, 12.371716825541638, 8.3562648884000659, 12.474229275568707, 25.24392713054975, 591.12360947691934, 34.616180874759181, 17.913164743348897, 12.234138756113602, 8.9795125985526312, 17.637523948917142, 10.060546147832108, 11.805027966408552, 18.22629709267731, 34.710710331648158, 262.18740550527588, 17.788578909052585, 9.3641304550440072, 9.5051977906623062, 17.531858638278432, 1013.4483620368868, 65.557635694635891, 31.890943620551738, 20.58609880463284, 15.482284168320152, 13.287164710116336, 10.383305560680212, 9.741002239491749, 9.0931768272911153, 9.188381309348669, 10.323908629015332, 35.995923117786248, 16.087538216485846, 21.854200315837659, 31.179933347706914, 66.106115043727854, 321.06413092806122, 22.673799500906149, 10.817286058178455, 8.4802990419554352, 8.4061348083104619, 10.489670396167867, 22.217858908148003, 924.43913953090475, 61.622352981693219, 31.457923082140582, 21.477831093572458, 15.13077121198266, 11.745743137602526, 10.83767747962605, 9.5044907559369634, 8.4440250861188613, 8.9110079053494768, 10.746609311194845, 25.57289436422877, 16.442202696796056, 20.440903759521074, 30.391218629673748, 62.442188193720632, 749.50908882977399, 38.714135497307218, 20.348081994128506, 13.737581188743681, 11.544656411999688, 9.472788664353617, 15.129982908466804, 10.464413079618636, 13.513185988694445, 20.01458548759712, 41.701361221031931, 470.53111361100287, 36.671804347925729, 18.164520383525364, 13.414539332237492, 10.479610046369212, 14.998777701170857, 10.850641513444566, 14.126435588153507, 18.901200694808011, 37.68370729059388, 507.82902565284809, 33.903392246151348, 18.575127376932581, 11.548387038467016, 9.3433061094506442, 15.459937623064983, 9.6649868731503634, 11.944794090114428, 17.291755494140208, 33.573649701116452, 244.3339778821223, 17.071331149763008, 10.754169636061373, 9.9559627731989639, 9.9684566232272243, 19.013157769382566, 277.91619861428575, 13.904064582164564, 8.1636288284861234, 14.403362457915932, 677.34509851744258, 39.649554887800321, 20.72343077206547, 12.777298214748676, 10.000109057604003, 9.078810174509039, 20.870218071631935, 10.878050947674033, 13.976486758119844, 20.492143785624862, 40.410053243378137, 565.80272858492981, 193.99611959767583, 124.89222862221261, 100.22609581869305, 88.707878864656706, 86.999990924796364, 86.673088193842261, 89.441010331418354, 96.303004647357469, 114.42241422707772, 148.09438424698521, 232.02884004686609, 128.64030221990248, 10.287348714917671, 10.254128263018554]
2016-10-25 20:27:48   possible times: [931070993.0039062, 931070993.5620117, 931070993.6132812, 931070993.8586426, 931070994.0183105, 931070994.0510254, 931071105.753418, 931071105.996582, 931071106.0881348, 931071106.2888184, 931071106.3088379]
len(SNR): 1753088
possible detections: [169.85862500035179, 11.767834125153982, 11.945934666936841, 322.94619863186745, 24.680039168911343, 12.697562767334512, 8.6386678950422926, 39.496983698416436, 12.371716825541638, 8.3562648884000659, 12.474229275568707, 25.24392713054975, 591.12360947691934, 34.616180874759181, 17.913164743348897, 12.234138756113602, 8.9795125985526312, 17.637523948917142, 10.060546147832108, 11.805027966408552, 18.22629709267731, 34.710710331648158, 262.18740550527588, 17.788578909052585, 9.3641304550440072, 9.5051977906623062, 17.531858638278432, 1013.4483620368868, 65.557635694635891, 31.890943620551738, 20.58609880463284, 15.482284168320152, 13.287164710116336, 10.383305560680212, 9.741002239491749, 9.0931768272911153, 9.188381309348669, 10.323908629015332, 35.995923117786248, 16.087538216485846, 21.854200315837659, 31.179933347706914, 66.106115043727854, 321.06413092806122, 22.673799500906149, 10.817286058178455, 8.4802990419554352, 8.4061348083104619, 10.489670396167867, 22.217858908148003, 924.43913953090475, 61.622352981693219, 31.457923082140582, 21.477831093572458, 15.13077121198266, 11.745743137602526, 10.83767747962605, 9.5044907559369634, 8.4440250861188613, 8.9110079053494768, 10.746609311194845, 25.57289436422877, 16.442202696796056, 20.440903759521074, 30.391218629673748, 62.442188193720632, 749.50908882977399, 38.714135497307218, 20.348081994128506, 13.737581188743681, 11.544656411999688, 9.472788664353617, 15.129982908466804, 10.464413079618636, 13.513185988694445, 20.01458548759712, 41.701361221031931, 470.53111361100287, 36.671804347925729, 18.164520383525364, 13.414539332237492, 10.479610046369212, 14.998777701170857, 10.850641513444566, 14.126435588153507, 18.901200694808011, 37.68370729059388, 507.82902565284809, 33.903392246151348, 18.575127376932581, 11.548387038467016, 9.3433061094506442, 15.459937623064983, 9.6649868731503634, 11.944794090114428, 17.291755494140208, 33.573649701116452, 244.3339778821223, 17.071331149763008, 10.754169636061373, 9.9559627731989639, 9.9684566232272243, 19.013157769382566, 277.91619861428575, 13.904064582164564, 8.1636288284861234, 14.403362457915932, 677.34509851744258, 39.649554887800321, 20.72343077206547, 12.777298214748676, 10.000109057604003, 9.078810174509039, 20.870218071631935, 10.878050947674033, 13.976486758119844, 20.492143785624862, 40.410053243378137, 565.80272858492981, 193.99611959767583, 124.89222862221261, 100.22609581869305, 88.707878864656706, 86.999990924796364, 86.673088193842261, 89.441010331418354, 96.303004647357469, 114.42241422707772, 148.09438424698521, 232.02884004686609, 128.64030221990248, 10.287348714917671, 10.254128263018554, 58.969327415751032]
2016-10-25 20:29:37   possible times: [931071421.0, 931071848.5986328, 931071848.6062012]
len(SNR): 462848
possible detections: [169.85862500035179, 11.767834125153982, 11.945934666936841, 322.94619863186745, 24.680039168911343, 12.697562767334512, 8.6386678950422926, 39.496983698416436, 12.371716825541638, 8.3562648884000659, 12.474229275568707, 25.24392713054975, 591.12360947691934, 34.616180874759181, 17.913164743348897, 12.234138756113602, 8.9795125985526312, 17.637523948917142, 10.060546147832108, 11.805027966408552, 18.22629709267731, 34.710710331648158, 262.18740550527588, 17.788578909052585, 9.3641304550440072, 9.5051977906623062, 17.531858638278432, 1013.4483620368868, 65.557635694635891, 31.890943620551738, 20.58609880463284, 15.482284168320152, 13.287164710116336, 10.383305560680212, 9.741002239491749, 9.0931768272911153, 9.188381309348669, 10.323908629015332, 35.995923117786248, 16.087538216485846, 21.854200315837659, 31.179933347706914, 66.106115043727854, 321.06413092806122, 22.673799500906149, 10.817286058178455, 8.4802990419554352, 8.4061348083104619, 10.489670396167867, 22.217858908148003, 924.43913953090475, 61.622352981693219, 31.457923082140582, 21.477831093572458, 15.13077121198266, 11.745743137602526, 10.83767747962605, 9.5044907559369634, 8.4440250861188613, 8.9110079053494768, 10.746609311194845, 25.57289436422877, 16.442202696796056, 20.440903759521074, 30.391218629673748, 62.442188193720632, 749.50908882977399, 38.714135497307218, 20.348081994128506, 13.737581188743681, 11.544656411999688, 9.472788664353617, 15.129982908466804, 10.464413079618636, 13.513185988694445, 20.01458548759712, 41.701361221031931, 470.53111361100287, 36.671804347925729, 18.164520383525364, 13.414539332237492, 10.479610046369212, 14.998777701170857, 10.850641513444566, 14.126435588153507, 18.901200694808011, 37.68370729059388, 507.82902565284809, 33.903392246151348, 18.575127376932581, 11.548387038467016, 9.3433061094506442, 15.459937623064983, 9.6649868731503634, 11.944794090114428, 17.291755494140208, 33.573649701116452, 244.3339778821223, 17.071331149763008, 10.754169636061373, 9.9559627731989639, 9.9684566232272243, 19.013157769382566, 277.91619861428575, 13.904064582164564, 8.1636288284861234, 14.403362457915932, 677.34509851744258, 39.649554887800321, 20.72343077206547, 12.777298214748676, 10.000109057604003, 9.078810174509039, 20.870218071631935, 10.878050947674033, 13.976486758119844, 20.492143785624862, 40.410053243378137, 565.80272858492981, 193.99611959767583, 124.89222862221261, 100.22609581869305, 88.707878864656706, 86.999990924796364, 86.673088193842261, 89.441010331418354, 96.303004647357469, 114.42241422707772, 148.09438424698521, 232.02884004686609, 128.64030221990248, 10.287348714917671, 10.254128263018554, 58.969327415751032, 323.33132998391278, 18.524749854207268, 11.266778714811826, 9.254078876329805, 9.6784724672002902, 19.250751168898404]
2016-10-25 20:30:09   possible times: [931071534.0080566, 931071534.3835449, 931071535.0541992, 931071535.0734863, 931071535.2226562, 931071535.5258789, 931071535.5544434, 931071535.5908203, 931071535.8215332, 931071536.0356445, 931071641.4555664, 931071644.5117188, 931071644.7521973, 931071645.0090332, 931071645.0437012, 931071645.302002, 931071645.8041992]
len(SNR): 802816
possible detections: [169.85862500035179, 11.767834125153982, 11.945934666936841, 322.94619863186745, 24.680039168911343, 12.697562767334512, 8.6386678950422926, 39.496983698416436, 12.371716825541638, 8.3562648884000659, 12.474229275568707, 25.24392713054975, 591.12360947691934, 34.616180874759181, 17.913164743348897, 12.234138756113602, 8.9795125985526312, 17.637523948917142, 10.060546147832108, 11.805027966408552, 18.22629709267731, 34.710710331648158, 262.18740550527588, 17.788578909052585, 9.3641304550440072, 9.5051977906623062, 17.531858638278432, 1013.4483620368868, 65.557635694635891, 31.890943620551738, 20.58609880463284, 15.482284168320152, 13.287164710116336, 10.383305560680212, 9.741002239491749, 9.0931768272911153, 9.188381309348669, 10.323908629015332, 35.995923117786248, 16.087538216485846, 21.854200315837659, 31.179933347706914, 66.106115043727854, 321.06413092806122, 22.673799500906149, 10.817286058178455, 8.4802990419554352, 8.4061348083104619, 10.489670396167867, 22.217858908148003, 924.43913953090475, 61.622352981693219, 31.457923082140582, 21.477831093572458, 15.13077121198266, 11.745743137602526, 10.83767747962605, 9.5044907559369634, 8.4440250861188613, 8.9110079053494768, 10.746609311194845, 25.57289436422877, 16.442202696796056, 20.440903759521074, 30.391218629673748, 62.442188193720632, 749.50908882977399, 38.714135497307218, 20.348081994128506, 13.737581188743681, 11.544656411999688, 9.472788664353617, 15.129982908466804, 10.464413079618636, 13.513185988694445, 20.01458548759712, 41.701361221031931, 470.53111361100287, 36.671804347925729, 18.164520383525364, 13.414539332237492, 10.479610046369212, 14.998777701170857, 10.850641513444566, 14.126435588153507, 18.901200694808011, 37.68370729059388, 507.82902565284809, 33.903392246151348, 18.575127376932581, 11.548387038467016, 9.3433061094506442, 15.459937623064983, 9.6649868731503634, 11.944794090114428, 17.291755494140208, 33.573649701116452, 244.3339778821223, 17.071331149763008, 10.754169636061373, 9.9559627731989639, 9.9684566232272243, 19.013157769382566, 277.91619861428575, 13.904064582164564, 8.1636288284861234, 14.403362457915932, 677.34509851744258, 39.649554887800321, 20.72343077206547, 12.777298214748676, 10.000109057604003, 9.078810174509039, 20.870218071631935, 10.878050947674033, 13.976486758119844, 20.492143785624862, 40.410053243378137, 565.80272858492981, 193.99611959767583, 124.89222862221261, 100.22609581869305, 88.707878864656706, 86.999990924796364, 86.673088193842261, 89.441010331418354, 96.303004647357469, 114.42241422707772, 148.09438424698521, 232.02884004686609, 128.64030221990248, 10.287348714917671, 10.254128263018554, 58.969327415751032, 323.33132998391278, 18.524749854207268, 11.266778714811826, 9.254078876329805, 9.6784724672002902, 19.250751168898404, 242.62400757854456, 16.181593190117646, 8.8954475889012219, 9.0884534432968813, 16.722332994407019]
2016-10-25 20:31:03   possible times: [931071730.0197754, 931071730.1474609, 931071730.4223633, 931071730.4489746, 931071730.9755859, 931071731.0510254, 931071731.3623047, 931071731.5222168, 931071731.5327148, 931071731.5925293, 931071731.6020508, 931071732.0490723, 931071923.7729492, 931071924.001709, 931071924.5898438, 931071924.7885742]
Real Time start: 2016-10-25 20:58:02
GPS start: 931069952 stop: 931115008
